1.553928
4.820783
5.980548
7.237237
6.129009
5.991670
6.022839
5.984656
5.973362
6.260197
6.122900
6.356061
6.415602
6.513764
6.477596
6.576070
6.571096
6.640916
6.728639
6.677184
6.740432
6.693876
6.691958
6.799126
6.755396
6.711186
6.796539
6.841303
6.762738
6.751686
6.857717
6.810077
6.833508
6.789307
6.864094
6.813118
6.817934
6.834761
6.845741
6.885460
6.821804
6.855533
6.873126
6.793518
6.833038
6.794434
6.894572
6.893457
6.841230
6.833999
6.756006
6.818386
6.807614
6.920392
6.907828
6.918164
6.906082
6.976658
6.306112
6.927349
7.040482
6.939089
6.928502
6.978872
7.001322
6.966600
7.034050
7.031158
7.051408
7.024153
7.045245
7.097057
7.171354
7.063406
7.119036
7.144237
7.229192
7.194704
7.124749
7.152025
7.173230
7.209419
7.334190
7.237269
7.266294
7.140144
7.179060
7.308064
7.345430
7.307351
7.379645
7.414374
7.388972
7.263631
7.428494
7.449518
7.443089
7.472033
7.435439
7.431014


1.563563
4.561554
5.412959
7.208068
6.118071
6.046369
5.981011
5.876399
5.976890
6.191227
6.176217
6.338727
6.605430
6.495446
6.470001
6.701096
6.589156
6.639283
6.602765
6.644368
6.800298
6.687331
6.739957
6.844342
6.776386
6.770092
6.860054
6.764026
6.725592
6.789880
6.778871
6.786499
6.783746
6.780298
6.899262
6.795297
6.776680
6.866942
6.860264
6.821793
6.644150
6.826519
6.480771
6.657570
6.796389
6.603175
6.772400
6.597458
6.629628
6.836293
6.400054
6.702968
6.919450
6.798325
6.889692
6.814951
6.718683
6.754983
6.850844
6.780715
6.591329
6.700374
6.860845
6.955914
6.974091
6.995804
6.770489
6.246584
7.003429
6.874922
6.975486
6.978846
7.081324
7.005642
7.132368
6.977637
7.077052
7.020065
6.956162
7.118594
7.064900
7.116063
7.089784
7.232845
7.274485
7.127391
7.179232
7.250193
7.250902
7.328704
7.399657
7.391716
7.441326
7.323538
7.363280
7.427963
7.371814
7.396839
7.393640
7.422891

6.010192
10.643862
12.157195
15.051144
13.563920
13.685019
13.685645
13.777282
13.675176
13.798614
13.653646
13.761109
13.804916
13.777864
13.772478
13.784771
13.858759
13.880459
13.782346
13.896952
13.995092
13.799032
13.723690
14.198761
14.025825
13.697182
13.931046
14.183386
14.176955
14.018206
14.018393
14.187493
14.279645
14.226428
13.841955
14.193235
14.285694
14.132039
14.263531
14.139636
13.977916
14.062200
13.963245
14.199623
14.188494
14.089782
14.136130
14.151791
14.166718
14.118129
14.165681
14.234607
14.290140
14.180462
14.124231
14.250164
14.390545
14.170671
14.109499
14.204198
14.328834
14.265775
14.283750
14.208308
14.387229
14.357185
14.233622
14.247540
14.367767
14.423872
14.221521
14.379703
14.395058
14.408334
14.352232
14.282282
14.357443
14.371098
14.344281
14.370981
14.370127
14.364843
14.381263
14.703816
14.397821
14.280567
14.317026
14.418187
14.256580
14.310874
14.412420
14.467248
14.475489
14.356351
14.359208
14.482103
13.682053
14.468828
14.419104
14.455417


7.983595
5.979891
5.574845
5.998332
6.082597
6.071560
5.991182
5.937896
5.950369
6.020697
6.013487
5.947124
6.000641
5.895748
5.951797
5.934884
5.938405
5.913882
5.891394
5.958098
5.925621
6.001792
5.961636
5.994024
5.943237
5.970397
6.008020
5.923717
6.022739
5.967440
6.006770
5.951743
6.068218
5.997324
5.938378
5.907656
6.012839
5.916858
5.841321
6.013022
5.937801
5.920131
5.900514
6.012978
6.012327
6.005893
5.965123
5.996960
6.004988
5.975041
6.021699
5.986145
5.971921
5.929707
5.921883
6.020262
5.932752
5.941845
5.955497
6.011804
5.965237
6.003293
5.953191
5.941575
6.028450
5.928022
6.014608
5.908403
5.928981
5.981709
5.980714
5.971916
5.982068
5.908250
6.024168
6.081982
5.968059
6.014516
5.984339
5.946218
5.920375
6.020511
6.019595
5.968241
5.930143
6.069653
5.972956
5.907572
5.949108
5.992646
6.022876
5.979947
5.974938
6.005506
5.961054
5.925744
5.991406
5.960205
5.950693
5.993315

